      0/99     1.12G    0.1068    0.1625   0.06875    0.3381       312       320         0         0         0         0         0         0         0
      1/99     2.42G     0.102    0.1728   0.06667    0.3415       322       320         0         0         0         0         0         0         0
      2/99     2.42G   0.09832    0.1671   0.06524    0.3306       325       320         0         0         0         0         0         0         0
      3/99     2.42G   0.09359    0.1716   0.06386    0.3291       243       320         0         0         0         0         0         0         0
      4/99     2.42G   0.08908    0.1729   0.06272    0.3247       331       320         0         0         0         0         0         0         0
      5/99     2.42G   0.08323    0.1696   0.06189    0.3147       314       320         0         0         0         0         0         0         0
      6/99     2.42G   0.07644    0.1617   0.06106    0.2992       263       320         0         0         0         0         0         0         0
      7/99     2.42G   0.07191    0.1655   0.06027    0.2977       303       320         0         0         0         0         0         0         0
      8/99     2.42G   0.06776    0.1608    0.0595    0.2881       313       320         0         0         0         0         0         0         0
      9/99     2.42G   0.06487    0.1641   0.05895    0.2879       332       320         0         0         0         0         0         0         0
     10/99     2.42G   0.06266    0.1642   0.05795    0.2848       339       320         0         0         0         0         0         0         0
     11/99     2.42G   0.06111    0.1557   0.05709    0.2739       341       320         0         0         0         0         0         0         0
     12/99     2.42G   0.05846    0.1549   0.05681    0.2702       341       320         0         0         0         0         0         0         0
     13/99     2.42G   0.05777     0.155   0.05606    0.2688       329       320         0         0         0         0         0         0         0
     14/99     2.42G    0.0563     0.156    0.0555    0.2678       315       320         0         0         0         0         0         0         0
     15/99     2.42G   0.05477    0.1521   0.05473    0.2617       279       320         0         0         0         0         0         0         0
     16/99     2.42G   0.05484    0.1524   0.05393    0.2612       283       320         0         0         0         0         0         0         0
     17/99     2.42G   0.05392    0.1515   0.05299    0.2584       301       320         0         0         0         0         0         0         0
     18/99     2.42G   0.05328    0.1527   0.05207    0.2581       305       320         0         0         0         0         0         0         0
     19/99     2.42G   0.05284    0.1503   0.05137    0.2545       286       320         0         0         0         0         0         0         0
     20/99     2.42G   0.05101    0.1493    0.0503    0.2506       299       320         0         0         0         0         0         0         0
     21/99     2.42G   0.05181    0.1484   0.04906    0.2493       268       320         0         0         0         0         0         0         0
     22/99     2.42G   0.05185    0.1476   0.04768    0.2472       304       320         0         0         0         0         0         0         0
     23/99     2.42G   0.05057    0.1502   0.04655    0.2473       321       320         0         0         0         0         0         0         0
     24/99     2.42G   0.05031    0.1467   0.04531    0.2423       293       320         0         0         0         0         0         0         0
     25/99     2.42G   0.05043    0.1444   0.04414     0.239       299       320         0         0         0         0         0         0         0
     26/99     2.42G   0.05016    0.1474   0.04305    0.2406       311       320         0         0         0         0         0         0         0
     27/99     2.42G   0.04982    0.1436   0.04189    0.2353       316       320         0         0         0         0         0         0         0
     28/99     2.42G   0.04909    0.1399   0.04055    0.2296       322       320         0         0         0         0         0         0         0
     29/99     2.42G    0.0482    0.1479   0.03963    0.2357       359       320         0         0         0         0         0         0         0
     30/99     2.42G    0.0481    0.1434    0.0383    0.2298       326       320         0         0         0         0         0         0         0
     31/99     2.42G   0.04817    0.1402   0.03703    0.2254       324       320         0         0         0         0         0         0         0
     32/99     2.42G   0.04774    0.1389   0.03509    0.2217       266       320         0         0         0         0         0         0         0
     33/99     2.42G    0.0479    0.1383   0.03437    0.2206       324       320         0         0         0         0         0         0         0
     34/99     2.42G   0.04851    0.1346   0.03299    0.2161       290       320         0         0         0         0         0         0         0
     35/99     2.42G   0.04688    0.1403   0.03209    0.2192       320       320         0         0         0         0         0         0         0
     36/99     2.42G   0.04587    0.1351   0.03056    0.2115       268       320         0         0         0         0         0         0         0
     37/99     2.42G   0.04567    0.1374   0.02925    0.2124       291       320         0         0         0         0         0         0         0
     38/99     2.42G   0.04583    0.1321   0.02772    0.2057       265       320         0         0         0         0         0         0         0
     39/99     2.42G   0.04552     0.132   0.02668    0.2042       308       320         0         0         0         0         0         0         0
     40/99     2.42G   0.04481    0.1351   0.02514    0.2051       312       320         0         0         0         0         0         0         0
     41/99     2.42G   0.04468    0.1348   0.02341    0.2029       308       320         0         0         0         0         0         0         0
     42/99     2.42G   0.04518    0.1354   0.02291    0.2034       315       320         0         0         0         0         0         0         0
     43/99     2.42G   0.04485    0.1294    0.0218    0.1961       266       320         0         0         0         0         0         0         0
     44/99     2.42G    0.0431    0.1291    0.0213    0.1935       288       320         0         0         0         0         0         0         0
     45/99     2.42G   0.04307    0.1301   0.01963    0.1928       306       320         0         0         0         0         0         0         0
     46/99     2.42G   0.04354    0.1281   0.01955    0.1911       294       320         0         0         0         0         0         0         0
     47/99     2.42G   0.04201     0.127   0.01801     0.187       305       320         0         0         0         0         0         0         0
     48/99     2.42G   0.04212    0.1227   0.01812    0.1829       256       320         0         0         0         0         0         0         0
     49/99     2.42G   0.04166    0.1247   0.01731    0.1836       327       320         0         0         0         0         0         0         0
     50/99     2.42G   0.04193    0.1266   0.01607    0.1846       332       320         0         0         0         0         0         0         0
     51/99     2.42G   0.04004    0.1263   0.01604    0.1824       320       320         0         0         0         0         0         0         0
     52/99     2.42G   0.03991    0.1234   0.01498    0.1783       279       320         0         0         0         0         0         0         0
     53/99     2.42G   0.03955    0.1202   0.01453    0.1743       313       320         0         0         0         0         0         0         0
     54/99     2.42G   0.03882    0.1238   0.01439    0.1771       290       320         0         0         0         0         0         0         0
     55/99     2.42G     0.039    0.1203   0.01405    0.1733       304       320         0         0         0         0         0         0         0
     56/99     2.42G   0.03851    0.1179   0.01325    0.1696       309       320         0         0         0         0         0         0         0
     57/99     2.42G   0.03828    0.1181    0.0131    0.1694       310       320         0         0         0         0         0         0         0
     58/99     2.42G    0.0365    0.1195    0.0128    0.1688       336       320         0         0         0         0         0         0         0
     59/99     2.42G     0.037    0.1176   0.01206    0.1667       314       320         0         0         0         0         0         0         0
     60/99     2.42G   0.03616    0.1162   0.01188    0.1643       273       320         0         0         0         0         0         0         0
     61/99     2.42G   0.03676    0.1161   0.01157    0.1645       290       320         0         0         0         0         0         0         0
     62/99     2.42G   0.03614    0.1164   0.01098    0.1635       288       320         0         0         0         0         0         0         0
     63/99     2.42G   0.03632    0.1168   0.01086     0.164       336       320         0         0         0         0         0         0         0
     64/99     2.42G    0.0352    0.1133   0.01053     0.159       330       320         0         0         0         0         0         0         0
     65/99     2.42G    0.0347    0.1143  0.009906    0.1589       283       320         0         0         0         0         0         0         0
     66/99     2.42G   0.03477    0.1108  0.009775    0.1554       293       320         0         0         0         0         0         0         0
     67/99     2.42G   0.03464    0.1164  0.009246    0.1603       342       320         0         0         0         0         0         0         0
     68/99     2.42G   0.03397    0.1117  0.009314     0.155       267       320         0         0         0         0         0         0         0
     69/99     2.42G   0.03366      0.11  0.008762    0.1524       298       320         0         0         0         0         0         0         0
     70/99     2.42G   0.03383    0.1102  0.008658    0.1527       273       320         0         0         0         0         0         0         0
     71/99     2.42G   0.03373    0.1127  0.008573     0.155       281       320         0         0         0         0         0         0         0
     72/99     2.42G   0.03306    0.1107  0.008219    0.1519       274       320         0         0         0         0         0         0         0
     73/99     2.42G   0.03289    0.1095   0.00788    0.1502       291       320         0         0         0         0         0         0         0
     74/99     2.42G   0.03302    0.1089  0.007954    0.1498       323       320         0         0         0         0         0         0         0
     75/99     2.42G   0.03251    0.1124   0.00773    0.1527       331       320         0         0         0         0         0         0         0
     76/99     2.42G   0.03227    0.1063  0.007714    0.1463       297       320         0         0         0         0         0         0         0
     77/99     2.42G    0.0321    0.1059  0.007319    0.1453       321       320         0         0         0         0         0         0         0
     78/99     2.42G   0.03204    0.1075  0.007397    0.1469       320       320         0         0         0         0         0         0         0
     79/99     2.42G    0.0315    0.1059  0.007436    0.1448       310       320         0         0         0         0         0         0         0
     80/99     2.42G   0.03112    0.1057  0.007046    0.1439       302       320         0         0         0         0         0         0         0
     81/99     2.42G   0.03154    0.1073  0.006342    0.1452       279       320         0         0         0         0         0         0         0
     82/99     2.42G   0.03119     0.106  0.006495    0.1437       261       320         0         0         0         0         0         0         0
     83/99     2.42G   0.03142     0.105  0.006756    0.1432       269       320         0         0         0         0         0         0         0
     84/99     2.42G   0.03071    0.1038   0.00676    0.1412       309       320         0         0         0         0         0         0         0
     85/99     2.42G   0.03094    0.1034  0.006172    0.1405       300       320         0         0         0         0         0         0         0
     86/99     2.42G   0.03086    0.1043   0.00662    0.1418       240       320         0         0         0         0         0         0         0
     87/99     2.42G   0.03006    0.1048  0.006064    0.1409       335       320         0         0         0         0         0         0         0
     88/99     2.42G    0.0302     0.104  0.006225    0.1404       312       320         0         0         0         0         0         0         0
     89/99     2.42G   0.03018    0.1019  0.005549    0.1377       324       320         0         0         0         0         0         0         0
     90/99     2.42G   0.02987    0.1028   0.00568    0.1383       276       320         0         0         0         0         0         0         0
     91/99     2.42G   0.03019    0.1056  0.005629    0.1414       299       320         0         0         0         0         0         0         0
     92/99     2.42G   0.02973    0.1048   0.00561    0.1402       337       320         0         0         0         0         0         0         0
     93/99     2.42G   0.02995    0.1023  0.005844    0.1381       323       320         0         0         0         0         0         0         0
     94/99     2.42G   0.02979   0.09917  0.005806    0.1348       263       320         0         0         0         0         0         0         0
     95/99     2.42G    0.0297    0.1008  0.005764    0.1363       290       320         0         0         0         0         0         0         0
     96/99     2.42G   0.02917    0.1028  0.005254    0.1372       324       320         0         0         0         0         0         0         0
     97/99     2.42G   0.02945   0.09885  0.005178    0.1335       314       320         0         0         0         0         0         0         0
     98/99     2.42G   0.02926   0.09963  0.005224    0.1341       294       320         0         0         0         0         0         0         0
     99/99     2.42G   0.02902    0.1019  0.005418    0.1364       260       320         0         0         0         0         0         0         0
